110101
110102
110103
110104
110105
110106
110107
110108
110109
110110
110111
110112
110113
110114
110115
110117
110121
110121151
110121190
110122
110128
110142
110150
1201201
1201211
120121251
120121252
1201221
1201231
1201241
1201251
1201261
1201271
1201291
1201307
1201317
1201321
1201331
1201341
1201351
1201361
1201377
1201387
1201397
1201411
1201421
1201431
1201441
1201451
1201467
1201481
1201501
1201511
1201521
1201531
1201561
1201581
1201597
1201814
1201834
1201845
1201894
1201898
1201899
0120189A
0120189B
130121351
1301827
1301837
1301847
1301857
1301867
1301877
1301887
1301897
1301907
1401099
0140109B
140112
140113
140115
140117
140118
140120
140121
140121490
140121551
140122
140124
140126
140132
140145
210122151
210131
210133
210141
210143
210146
210151
210153
210156
210171
210180
220107
220110
220111
220116
220121
220126
220131
220136
220141
220146
220151
220156
220161
230104
230105
230106
230107
230108
0230108F
0230108G
230109
230110
230113
230115
230116
230118
230119
230122351
230122352
230130
230131
230133
230136
230137
230141
240101
240102
240103
0240103C
0240103F
0240103G
240107
240108
240109
240111
240112
240113
240119
240122451
240133
250120
250125
250126
250127
250130
250140
250150
250160
250170
250180
250190
250195
0260109B
260122651
260122652
260130
260131
260140
260141
260150
260151
260160
260161
260170
260180
260190
260192
260193
260194
260195
260196
260197
310102
310103
310104
310105
310106
3101065
3101067
3101068
3101069
310107
310108
310109
310110
310111
310112
310113
310114
310115
310116
310117
310118
310119
310120
310121
310122
310123
310123151
310123152
310124
310125
310126
310127
310128
310129
310130
310131
310132
310133
310134
310135
310136
310137
310138
310139
310140
310141
0320109F
320110
320111
320112
320113
320115
320118
320120
320123251
320125
320130
320135
320140
320150
320160
320164
320165
320166
320170
320175
320180
330106
330110
330111
330112
330113
330114
330115
330116
3301172
330123351
330123352
330123390
330130
330131
330132
330133
330135
330136
330140
330142
330143
330150
330151
330152
330153
340110
340111
340113
340115
340116
340117
340118
340120
340123451
340123452
340123453
340123454
340123490
340125
340126
340127
340130
340134
340135
340136
340137
340140
340142
340144
340145
340146
340147
340150
340151
340152
340154
340155
340156
340157
340160
340162
340170
340174
340175
340180
340185
340188
340190
350122
350123
350123551
350123552
350123553
350126
350127
350131
350132
350133
350134
350135
350136
350139
350140
350142
350145
350146
3501464
3501469
0350146B
350147
350148
350149
350150
350151
350152
350153
350154
350155
350157
350159
350161
350165
350166
350167
350169
350171
350174
350175
350176
350177
350179
350184
350186
350187
350189
360119
360123651
360123652
360123653
360123654
360123669
360130
360131
360132
360133
360134
360135
360137
360140
360141
360143
360144
360145
360146
360147
360148
360149
360151
360152
360155
360160
360161
360165
360166
360167
360168
360169
360170
360171
360172
360173
360176
360177
360179
360180
360181
360182
360183
360185
360187
360188
360190
360192
360195
360196
360197
3701200
3701202
3701203
3701204
3701205
3701206
3701207
3701208
3701210
3701211
3701213
3701215
3701216
3701217
3701219
3701220
3701221
3701222
3701223
3701224
3701225
3701228
3701229
3701230
3701231
3701232
3701233
3701234
3701236
3701237
370123751
370123752
370123753
370123754
3701239
3701241
3701242
3701243
3701244
3701248
3701249
3701250
3701252
3701253
3701254
3701255
3701259
0370160Z
3701610
380101
380103
0380103A
380104
380105
380106
380108
380109
380110
380111
380114
380117
380118
380119
380123
380123851
380123852
380123890
380128
390111
390115
390117
390119
390120
390121
390122
390123
390123951
410101
410102
410103
410104
410108
4101088
410109
410113
410114
410124151
410124190
410182
420103
420112
420113
420114
420115
420116
420117
420118
420119
420120
420124251
430101
430102
430103
430105
430106
430107
430108
430109
430121
430124351
4401094
0440109E
0440109F
0440109G
440122
440124451
440128
440129
440130
440131
440132
440133
440134
440135
440136
440137
440139
440140
440141
440143
440144
440145
440150
440153
440157
440159
450124551
450124552
450130
45015
450150
450152
450153
450154
450155
450156
450157
450158
450160
450163
450164
450165
450167
450168
450169
450172
450173
450177
450181
450183
450192
460121
460122
460123
460124
460124651
460124652
460125
460126
460131
460132
460133
460134
460135
460136
460137
460139
460141
460143
460146
460151
460152
460153
460154
460155
460156
460157
460158
460159
460162
460163
460171
460172
460181
4701002
4701004
4701005
4701006
4701008
4701015
4701016
4701017
4701019
4701024
4701031
4701032
4701033
4701034
4701035
4701036
4701037
4701038
4701039
4701040
4701041
4701042
4701043
4701044
4701046
4701047
4701048
4701049
4701050
4701051
4701052
4701053
4701054
4701055
4701056
4701057
4701058
4701059
4701060
4701061
4701062
4701063
4701065
4701066
4701067
4701068
4701069
4701070
4701090
4701091
4701092
4701093
4701094
4701096
4701102
4701106
4701110
4701111
4701112
4701117
4701118
4701126
470124656
470124751
470124752
470124753
470124754
470124755
470124790
0480108B
480118
480124851
480124852
480129
480130
480131
480132
480133
480135
480140
480141
480143
480145
480150
480151
480154
480160
510125151
510141
510142
510143
510144
510145
510146
510147
510148
510149
510151
510153
520102
520103
520104
520105
520106
520107
520108
520109
520110
520114
520115
520118
520119
520120
520122
520125251
520125252
530125355
530125356
530125357
530125358
5301290
5301300
5301310
5301320
5301340
5301370
5301380
5301390
5301400
5301410
5301420
5301440
5301450
5301460
5301470
5301480
5301500
5301510
5301520
5301530
5301540
5301550
5301560
5301580
5301590
5301600
5301610
5301620
5301630
5301660
5301670
5301680
5301690
5301700
5301710
5301740
5301760
5301790
5301800
5301860
5301890
540121
540122
540123
540124
540125
540125451
540125452
540125453
540126
540127
540130
540131
540132
540133
540134
540135
540138
540139
540140
540141
540143
540144
540145
540148
540149
540150
540153
540154
540161
540165
550101
550102
550103
550105
550106
550107
550108
550109
550110
550111
550125551
550125590
560110
560120
560125651
560130
560140
560150
560160
560170
560180
610111
610112
610121
610126151
610131
610132
620111
620112
620113
620114
620115
620117
620118
620126251
630102
0630103A
630104
630105
630106
630107
630109
630116
630117
630118
630119
630123
630126351
640101
640104
640105
640106
6401077
640108
640110
640111
640114
640120
640122
640123
640126451
640130
640131
640132
640133
640134
640140
640142
640144
650110
650111
650112
650113
650115
650116
650120
650122
650123
650124
650125
650126
650126551
650128
650130
650134
650136
650138
650139
0710107A
710110
710111
710112
710113
710115
710116
710127151
720110
720120
720127251
720130
720140
720145
720170
720180
730101
730102
730103
730104
730105
730106
730107
730121
740101
740102
740103
740104
740105
740107
740127451
740131
0810108M
0810108O
0810108Q
810122
810125
810126
810127
810128
810128151
810128152
810128190
810129
810130
810132
810134
810135
810137
810138
810141
810142
810144
810145
810146
810147
810148
810149
810151
810154
810161
810162
810163
810165
810166
810176
810178
8201097
820121
820122
820128251
820130
820131
820136
820141
820142
820143
820151
820152
820153
820161
820162
820171
820176
820178
820181
820182
820185
840101
840102
840103
840104
840106
8401064
840107
840108
840109
840110
840111
840112
840113
840115
840128451
850128551
850181
850182
850184
850185
850186
850187
850188
850189
850190
850191
850196
860111
860112
860113
860114
860115
860116
860117
860118
860119
860128651
870120
870125
870126
870128751
870130
870135
870136
870140
870145
870150
870155
870160
870170
870175
870176
870180
870190
910103
910105
910107
910109
910112
910114
910116
910120
910129151
910129190
1110101
1110105
1110106
1110107
1110110
1110111
1110112
1110113
1110114
1110115
1110116
1110117
11201010
11201012
11201020
11201030
11201060
11201062
11201070
11201080
11201090
11201100
11201110
11201120
11201122
11201130
11201140
11201150
11201160
11201170
11201180
11201190
11201200
11201210
1120121253
11201220
11201230
11201240
11201260
11201280
11201300
11201320
11201330
11201340
11201350
11201352
11201360
11201370
11201372
11201380
11201907
11201908
11201909
1120190A
1130101
1130102
1130103
1130104
1130105
1130106
1130108
1130109
1140101
11401014
1140102
1140105
1140106
1140107
1140108
1140112
1150101
1150102
1150106
1150108
1160113
1160140
1160145
1160150
1160155
1160157
1160160
1160165
1160170
1210131
1210132
1210134
1210141
1210142
1210143
1210146
1210148
1210151
1210152
1210153
1210156
1210165
1210171
1210173
12201099
1220109A
1220122251
1220151
1220155
1220156
1220158
1220161
1220163
1220165
1220166
1220167
1220171
1220173
1220175
1220177
1220181
1220184
1220191
1220193
1220195
1220196
1230122353
1230130
1230132
1230133
1230140
1230141
1230150
1230150Z
12301514
1230152
1230154
1230155
1230156
1230159
1230160
1230165
1230170
1230171
1230173
1240101
1240102
1240103
1240104
1240106
1240107
1240108
1240108A
1240109
1240110
1240111
1240112
1240141
1240161
1250101
1250102
1250103
1250104
1250105
1250107
1250108
1250109
1250110
1250111
1250112
1250113
1250122551
1260101
1260103
1260104
1260105
1260106
1260107
1260108
1260109
1260110
1260111
1260112
1260113
1260114
1260115
1260116
1260118
1260121
1260122
1260122653
1260123
13101031
13101087
13101089
1310112
1310113
1310114
1310115
1310116
1310117
1310118
1310119
1310120
1310121
1310122
1310123
1310123153
1310123190
1310124
1310132
1310133
1310134
1310135
1310136
1310137
1310138
1310139
1310140
1310141
1310143
1310144
1310145
1310146
1310147
1310148
1320110
1320111
1320113
1320116
1320119
1320123252
1320130
1320131
1320132
1320133
1320135
1320136
1320150
1320151
1320152
1320153
1320154
1320155
1320156
1330101
1330102
1330103
1330104
1330105
1330106
1330107
1330108
1330109
1330110
1330111
1330112
1330113
1330114
1330115
1330116
1330118
1330119
1330123353
1330123391
1330130
1340111
1340123
1340123455
1340123456
1340123457
1340123458
1340130
1340131
1340132
1340133
1340134
1340135
1340136
1340137
1340138
1340139
1340140
1340141
1340142
1340144
1340145
1340146
1340147
1340148
1340149
1340150
1340152
1340153
1340154
1340155
1340156
1340157
1340158
1340159
1340160
1340161
1340162
1340163
1340164
1340165
1340166
1340167
1340169
1340171
1340172
1340173
1340174
1340175
1340176
1340177
1350121
1350122
1350123
1350123459
1350123554
1350123555
1350123556
1350124
1350125
1350126
1350127
1350128
1350129
1350130
1350131
1350132
1350133
1350134
1350135
1350136
1350137
1350138
1350139
1350140
1350141
1350142
1350143
1350144
1350145
1350146
1350148
1350149
1350150
1350151
1350152
1350153
1350154
1350155
1350156
1350157
1350158
1350159
1350160
1350161
1350163
1350164
1350165
1350167
1350168
1350185
1350191
1350192
1350194
1350196
13601003
13601007
13601030
13601031
13601032
13601033
13601034
13601035
13601036
13601038
13601039
13601040
13601041
13601043
13601044
13601045
13601046
13601047
13601048
13601049
13601050
13601052
13601053
13601054
13601055
13601056
13601057
13601058
13601059
13601060
13601061
13601062
13601063
13601064
13601065
13601066
13601068
13601069
13601081
13601082
13601084
13601087
13601088
13601092
13601095
13601096
13601097
13601101
13601112
13601116
13601118
13601119
13601122
13601123
13601127
13601128
13601131
13601134
13601136
13601138
13601142
1360123655
1360123656
1360123657
1360123658
1360123659
1360123660
1360123661
1360123662
1360123663
1360123664
1360123665
1360123666
1360123667
1360123674
1360123690
1360123692
13601412
13601414
13601415
13601423
13601424
13601425
13601427
13601431
13601433
13601435
13601463
13601465
1360147G
1360915J
13701140
13701150
13701160
13701170
13701171
13701180
13701190
1370123755
1370123756
1370123757
1370123758
1370123791
13701240
13701241
13701243
13701250
13701251
13701260
13701262
13701270
13701280
13701290
13701340
13701350
13701351
13701360
13701370
13701371
13701380
13701390
13701440
13701450
13701461
13701462
13701470
13701471
13701480
13701490
13701491
13701540
13701541
13701550
13701552
13701560
13701561
13701570
13701580
13701640
13701650
13701651
13701660
13701670
13701671
13701680
13701681
13701690
13701710
1370188I
1380101
1380103
1380105
1380111
1380113
1380115
1380116
1380117
1380120
1380122
1380123
1380125
1380127
1380129
1380131
1390101
1390102
1390103
1390104
1390105
1390106
1390107
1390110
1410142
1410143
1410144
1410145
1410146
1410147
1410148
1410151
1420106E
1420111
1420121
1420122
1420123
1420124
1420124252
1420125
1420126
1420128
1420131
1420133
1430110
1430120
1430130
1430140
1430150
1430170
1430180
1430185
1430188
1440120
1440121
1440126
1440129
1440131
1440132
1440133
1440134
1440135
1440136
1440137
1440138
1440139
1440140
1440141
1440142
1440143
1440144
1440146
1440147
1440149
1450111
1450112
1450113
1450122
1450123
1450124553
1450125
1450126
1450131
1450132
1450135
1450136
1450141
1450142
1450143
1450144
1450151
1450152
1450153
1450154
1450161
1450162
1460111
1460113
1460114
1460115
1460116
1460117
1460118
1460120
1460123
1460124653
1460124654
1460131
1460132
1460133
1460134
1460135
1460136
1460137
1460138
1460139
1460141
1460142
1460161
1460162
1460163
1460164
1460165
1460166
1460167
1460168
1460170
14701011
14701013
14701015
14701018
14701020
14701021
14701022
14701023
14701024
14701025
14701026
14701027
14701028
14701029
14701030
14701032
14701033
14701034
14701035
14701036
14701037
14701039
14701040
14701041
14701042
14701043
14701044
14701045
14701046
14701047
14701048
14701049
14701050
14701051
14701052
14701053
14701054
14701055
14701056
14701057
14701058
14701059
14701060
14701064
14701066
14701067
14701068
14701069
14701071
14701072
14701074
14701075
14701076
14701077
14701078
14701079
14701085
14701086
14701087
14701088
14701089
14701091
14701092
14701094
14701095
14701096
1470124756
1470124757
1470124758
1470124759
1470125W
1480121
1480122
1480123
1480124
1480124853
1480125
1480126
1480127
1480128
1480129
1480130
1480131
1480132
1480133
1480134
1480135
1480136
1480138
1510101
1510102
1510103
1510104
1510105
1510106
1510108
1510112
1510113
1510114
1510115
1510116
1510117
1510125152
1520108A
1520108C
1520125253
1520131
1520132
1520134
1520135
1520137
1520138
1520139
1520140
1520151
1520152
1520153
1520154
1520155
1520156
1520160
15301114
15301116
15301119
15301120
15301122
15301124
15301125
15301127
15301129
15301130
15301131
15301132
15301137
15301138
15301140
15301141
15301143
15301145
15301146
15301147
15301148
15301149
15301150
15301151
15301152
15301153
15301155
15301156
15301157
15301164
15301175
15301176
15301192
15301193
15301195
1530125351
1530125352
1530125353
1530125354
1530125362
1530125391
1530186L
1540101
1540102
1540103
1540104
1540105
1540106
1540107
1540108
1540110
1540111
1540112
1540113
1540115
1540116
1540117
1540118
1540119
1540121
1540122
1540125454
1540125455
1540125456
1540126
1540131
1540135
1540136
1540137
1540138
1540141
1540146
1540147
1540149
1540150
1540152
1540153
1540155
1540157
1540160
1550111
1550122
1550125
1550125552
1550131
1550140
1550152
1550160
1550170
1550172
1550180
1550182
1560110
1560120
1560125652
1560130
1560140
1560150
1560160
1560170
1560180
1610101
1610104
1610106
1610108
1620101
1620103
1620104
1620105
1620106
1620107
1620108
1630101
1630102
1630104
1630105
1630106
1630107
1630108
1630109
16301099
1630111
1630112
1630113
1630114
1630115
1630126352
1640112
1640113
1640114
1640115
1640116
1640117
1640118
1640119
1640120
1640121
1640122
1640123
1640125
1640126452
1640126453
1640131
1640132
1640133
1640141
1640142
1640143
1640144
1640145
1640161
1640162
1640163
1640164
1650101
1650102
1650103
1650104
1650105
1650106
1650107
1650108
16501084
1650109
1650110
1650111
1650112
1650113
1650114
1650115
1650116
1650117
1650118
1650126552
1710101
1710102
1710103
1710104
1710105
1710106
1710107
1710108
1720105B
1720110
1720115
1720151
1720152
1720153
1720154
1720155
1720156
1730101
1730102
1730103
1730104
1730105
1730106
1730108
1730115
1740101
1740103
1740104
1740105
1740117
1810109B
1810128153
1810130
1810131
1810132
1810133
1810134
1810137
1810140
1810141
1810142
1810145
1810146
1810147
1810150
1810151
1810152
1810153
1810154
1810155
1810156
1810157
1810160
1810161
1810162
1810163
1810164
1810165
1810170
1810171
1810172
1810173
1820101
18201016
1820102
1820103
1820105
1820106
1820107
1820113
1830103
18301036
1830104
1830105
1830106
1830107
1830108
1830109
1830110
1830111
1830112
1830128351
1840102
1840103
1840104
1840105
1840106
1840107
1840109
1840110
1840111
1840113
1840114
1840115
1840116
1840118
1850101
1850102
1850104
1850105
1850106
1850107
1850110
1850112
1850113
18601013
1860102
1860103
1860104
1860105
1860106
1860107
1860108
1860109
18701086
1870110
1870112
1870120
1870121
1870122
1870123
1870128752
1870131
1870132
1870133
1870141
1870142
1870143
1870144
1870145
1870152
1870154
1870155
1870157
19101009
1910100C
1910102
1910103
2360523675
2360523676
2360623672
2360723673
2730127352
3110103
3110104
3110106
3110107
3110108
31102715
31102725
31102734
31102744
31102757
31102767
31102784
31102794
31102817
3120121254
31201301
31201321
31201339
31201341
31201351
31201361
31201379
31201399
31201419
31201431
31201449
31201511
31201521
31201541
31201551
31201561
31201601
31201611
31201629
31201649
31201651
31201669
31201699
31201701
31201719
31201721
31201739
31201741
31201751
31201771
31201781
31201791
31201950
3130110
3130120
3130130
3130140
3130150
3130160
3130180
3140101
3140102
3140103
3140104
3140105
3140106
3150101
3150105
3150107
3150110
3160120
3160140
3160145
3160150
3160155
3160160
31701624
31701634
31701654
31701664
31701684
31701694
31701704
31701778
31701779
3170177A
3170177B
32101093
3210111
3210113
3210114
3210116
3210121
3210123
3210124
3210131
3210142
3210233
3210234
3210235
3210236
3210237
3210238
3210239
3220102
3220103
3220104
3220105
3220106
3220107
3220108
32201091
32201092
3220111
3220113
3220114
3220118
3220201
3220202
3220203
3220204
3220205
3220206
3230251
3230261
3230263
3230264
3230269
3230270
3230271
3230272
3230273
3230274
3230275
3230276
3230277
3230278
3230280
3230281
3230282
3230283
3230284
3230285
3230286
3230287
3230289
3240101
3240102
3240103
3240104
3240110
3240111
3240112
3240114
3240115
3240116
3240121
3240122
3240123
3240124
3240136
3250111
3250112
3250113
3250115
3250116
3250117
3250131
3250133
3250135
3250137
3250151
3250153
3250155
3250171
3250173
3250175
3250177
3260101
3260102
32601027
3260103
3260104
3260105
3260106
3260107
3260108
3260109
3260110
3260111
3260112
3260113
3260114
3260117
3260118
3260121
3260125
3260201
3260202
3260203
3260204
3260205
3260208
3260209
3260210
3260211
3310201
3310202
3310204
3310205
33102059
3310206
3310207
3310208
3310209
3310210
3310218
3310219
3310222
3310225
3310226
3310229
33103072
33103073
33103074
33103076
33103077
33103078
33103079
3310315
3310316
3310317
3310321
3310322
3310323
3310324
3310325
3310328
3310333
3310334
3310335
3310336
3310337
3310338
3310339
3310354
3310356
3310357
3310371
3320101
3320103
3320104
3320105
3320106
3320107
3320108
3320109
3320110
3320111
3320112
3320113
3320114
3320115
3320120
3320121
3320123
3320124
3320129
3330102
33301065
3330107
3330112
3330117
3330122
3330127
3330132
3330142
3330152
3330157
3330160
3330162
3330211
3330212
3330213
3330214
3330215
3330221
3330222
3330231
3330232
3330241
3330251
3330264
3340108F
3340121
3340122
3340123
3340124
3340126
3340127
3340128
3340129
3340130
3340132
3340133
3340134
3340135
3340136
3340140
3340142
3340143
3340144
3340145
3340146
3340147
3340148
3340153
3340154
3340155
3340156
3340157
3340162
3340165
3340170
3340175
3340188
3340221
3340222
3340223
3340224
3340225
3340226
3340227
3340228
3340229
3340230
3340231
3340232
3340233
3340234
3340235
3340236
3340237
3340238
3340239
3340240
3340241
3340243
3340244
3340245
3340246
3340247
3340248
3340249
3340252
3340253
3340255
3350121
3350122
3350125
3350126
3350127
3350128
3350130
3350131
3350132
3350134
3350135
3350136
3350137
3350138
3350139
3350140
3350141
3350142
3350143
3350144
3350145
3350146
3350147
3350148
3350149
3350150
3350152
3350153
3350154
3350155
3350156
3350157
3350158
3350159
3350160
3350161
3350163
3350164
3350165
3350166
3350167
3350168
3350169
3350170
3350177
3350184
3350187
3350188
3350191
3350196
3350197
33609006
33609010
33609011
33609012
33609014
33609015
33609016
33609020
33609023
33609032
33609033
33609034
33609035
33609036
33609037
33609038
33609039
33609040
33609045
33609046
33609048
33609050
33609051
33609052
33609054
33609055
33609056
33609059
33609066
33609074
33609077
33609080
33609081
33609086
33609087
33609107
33609113
33609115
33609118
33609121
33609206
33609212
33609229
3360923668
3361220
3361221
3361222
3361223
3361223670
3361224
3361226
3361228
3361230
3361232
3361234
3361236
3361238
3361239
3361240
3361241
3361242
3361244
3361246
3361248
3361250
3361252
3361253
3361254
3361256
3361258
3370138
3370140
3370141
3370147
3370148
3370149
3370150
3370152
3370153
3370155
3370156
3370157
3370158
3370160
3370162
3370169
33703100
33703110
33703120
33703130
33703140
33703190
33703210
33703220
3370323759
3370323790
33703250
33703260
33703270
33703290
33703310
33703330
33703340
33703350
33703360
33703380
33703440
33703460
33703480
33703510
33703520
33703530
33703540
33703550
33703630
33703640
33703650
33703670
33703710
33703720
33703730
33703740
33703750
33703760
33703770
33703810
33703820
33703830
33703840
33703850
33703870
33703880
3380101
3380102
3380103
3380104
3380106
3380108
3380110
3380111
3380112
3380113
3380114
3380120
3380210
3380220
3380230
3380240
3380250
3380260
3380270
33901043
3390111
3390112
3390114
3390115
3390116
3390117
3390119
3410101
3410108F
3410110
3410120
3410130
3410140
3410150
3410160
3410170
3420105A
3420110
3420121
3420122
3420123
3420124
3420125
3420131
3420132
3420133
3420141
3420142
3420143
3430101
3430102
3430103
3430104
3430105
3430106
3430107
3430108
3440122
3440130
3440131
3440132
3440133
3440134
3440135
3440136
3440137
3440138
3440139
3440140
3440141
3440201
3440202
3440203
3440204
3440206
3440207
3440208
3440209
3440210
3440212
3440217
3440218
3440224452
3450101
3450102
3450103
3450104
3450105
3450106
3450107
3450108
3450109
3450110
3450111
3450112
3450113
3450114
3450115
3450116
3450117
3450118
3450119
3450120
3450121
3450122
3450123
3450124
3450124554
3450125
3450126
3450127
3450129
3450131
3450132
3450133
3450136
3450138
34601229
3460141
3460148
3460154
3460155
3460156
3460158
3460161
3460162
3460163
3460165
3460166
3460167
3460168
3460169
3460211
3460215
3460216
3460217
3460222
3460223
3460224
3460259
3460261
3460262
3460263
3460264
3460265
3460266
3460267
3460268
3460269
3470110
3470120
3470121
3470122
3470123
3470124
3470125
3470130
3470131
3470132
3470133
3470134
3470135
3470136
3470137
3470139
3470140
3470141
3470142
3470143
3470150
3470151
3470152
34702034
3470211
3470213
3470214
3470215
3470216
3470217
3470218
3470219
3470231
3470232
3470233
3470240
3470241
3470242
3470243
3470244
3470245
3470246
3470247
3470248
3470249
3470250
3470251
3470252
3470253
3470255
3470256
3470257
3470259
3470301
3470302
3470303
3470304
3470305
3470306
3470307
3470308
3470309
3470310
3470311
3470312
3470313
3470314
3470315
3470316
3470318
3470319
3470320
3470321
3470322
3470323
3470324
3470324760
3470325
3470326
3470327
3470330
3470331
3470332
3470333
34704035
34704036
34704037
34704038
34704045
34704046
34704047
34704048
34704049
34704051
34704052
34704053
34704055
34704056
34704057
34704058
34704059
34704061
34704062
34704063
34704064
34704065
34704066
34704067
34704068
34704072
34704073
34704074
34704075
34704076
34704077
34704078
34704079
34704121
34704122
34704123
34704125
34704126
34704131
34704132
34704133
34704134
34704136
34704137
34704138
34704139
3470424761
3480101
3480102
3480103
3480104
3480105
3480106
3480107
3480108
3480109
3480110
3480111
3480112
3480113
3480114
3480115
3480116
3480117
3480118
3480119
3480120
3480121
3480126
3480127
35101038
3510110
3510111
3510112
3510113
3510114
3510115
3510116
3510117
3510118
3510119
3510121
3510122
3510123
3510124
3510125
3520303D
3520311
3520312
3520314
3520315
3520316
3520317
3520318
3520319
3520320
3520321
3520322
3520323
3520324
3520326
3520327
3520328
3520329
35301001
35301002
35301004
35301005
35301006
35301007
35301008
35301009
35301011
35301015
35301016
35301017
35301018
35301019
35301021
35301022
35301023
35301025
35301026
35301028
35301030
35301031
35301033
35301034
35301035
35301036
35301037
35301038
35301039
35301040
35301041
35301045
35301047
35301093
3530120L
3530125359
3530205A
3530205B
3530205C
3530205D
3530205E
3530205F
3530205G
3530222
3530223
3530224
3530226
3530230
3530231
3530232
3530233
3530234
3530235
3530239
3530240
3530241
3530242
3530245
3530247
3530625360
3530625363
3530625390
3530641
3530642
3530643
3530644
3530645
3530646
3530647
3530649
3530651
3530652
3530653
3530654
3530655
3530656
3530657
3530660
3530661
3530662
3530663
3530664
3530665
3530666
3530667
3530668
3540101
3540101D
3540102
3540103
3540104
3540105
3540106
3540107
3540108
3540109
3540110
3540111
3540115
3540116
3540117
3540119
3540302
35403029
3540303
3540304
3540305
3540306
3540307
3540308
3540309
3540310
3540311
3540312
3540318
3540443
3540447
3540450
3540455
3540460
3540463
3540470
3540477
3540480
3540483
3540487
3540490
3550111
3550112
3550113
3550114
3550115
3550118
3550121
3550122
3550123
3550124
3550125
3560105
3560106
3560107
3560108
3560109
3560111
3560112
3560113
3560114
3610111
3610112
3610113
3610114
3610118
3620111
3620112
3620113
3620114
3620115
3620116
3620117
3620118
3630101
3630102
3630103
3630104
3630105
3630106
3630107
3630108
3630111
3630112
3630113
3630114
3630115
3630121
3630125
3630131
3630141
3630151
3640101
3640102
3640104
3640108
3640110
3640111
3640114
3640115
3640117
3640118
3640120
3640122
3640123
3640124
3640125
3640126
3640126454
3640128
3640129
3640134
3640136
3640137
3640140
3640141
3640147
3640148
3650101
3650102
3650103
3650104
3650105
36501058
3650106
3650107
3650108
3650109
3650110
3650111
3650112
3650113
3650114
3650115
3650117
3650119
3650120
3650121
3650122
3710112
3710122
3710133
3710144
3710155
3710157
3710166
3710177
3720132
3720133
3720134
3720135
3720137
3720138
3720139
3720140
3720141
3720143
3730103
3730106
3730150
3730151
3730152
3730153
3730155
3730156
3730157
3730158
3740101
3740102
3740103
3740104
3740105
3740106
3740115
3810201
3810202
3810203
3810204
3810205
3810206
3810207
3810208
3810209
3810211
3810212
3810213
3810214
3810215
3810228154
3810308F
3810322
3810323
3810324
3810325
3810326
3810327
3810328
3810328155
3810328191
3810329
3810332
3810333
3810334
3810335
3810336
3810337
3810339
3810341
3810342
3810343
3810351
3810354
3810357
3810361
3810363
3810364
3810365
3810367
3810368
3810369
3810371
3820111
3820113
3820115
3820123
3820126
3820128
3820130
3830101
3830102
3830103
3830104
3830105
3830106
3830107
3830108
3830109
3830111
3830122
3840110
3840115
3840120
3840125
3840128452
3840130
3840135
3840150
3840155
3840160
3840165
3840170
3840172
3840173
3840175
3840180
3840185
3840187
3840189
3850102
3850120
3850121
3850122
3850123
3850124
3850125
3850126
3850128
3850129
3850130
3850131
3850133
3850134
3860101
3860102
3860103
3860104
3860105
3860106
3860107
3860111
3860114
3860115
3860116
3860121
38701045
3870121
3870122
3870123
3870124
3870125
3870127
3870128
3870129
3870130
3870131
3870132
3870133
3870134
3870135
3870136
3870137
3870138
3870139
3870140
3870141
3910101
3910102
3910103
3910104
3910107
3910109D
3910109E
3910109F
4110101
4110102
4110103
4110105
4110106
4110107
4110108
4110109
4110110
4110111
41201501
41201511
41201521
41201531
41201541
41201551
41201561
41201571
41201581
41201637
41201651
41201677
41201691
41201711
41201721
41201737
41201751
41201771
41201797
41201827
41201831
41201861
41301810
41301820
41301840
41301850
41301860
41301870
41301893
4140120
4140130
4140140
4140155
4140160
4140170
4140175
4150102
4150103
4150111
4150114
4150117
4160120
4160140
4160145
4160150
4160155
41701074
41701075
41701076
41701077
4170161
4170162
4170163
4170164
4170168
4170169
4170171
4170173
4210121
4210133
4210141
4210143
4210146
4210148
4210151
4210153
4210156
4210171
4210173
4220105
4220106
4220107
4220108
4220109
4220110
4220111
4220113
4220114
4220115
4220116
4220117
4220140
4230101
4230102
4230103
4230104
4230105
4230108
4230109
4230110
4230113
4230114
4230115
4230117
4230118
4230119
4230123
4230124
4230127
4230128
4230129
4230131
42401111
42401113
42401114
42401116
42401117
42401118
42401119
42401120
42401121
42401122
42401123
42401124
42401201
42401204
4250101
4250102
4250104
4250105
4250106
4250107
4250112
4250120
4250122
4250123
4250126
4260101
42601011
4260102
4260103
4260104
4260105
4260106
4260108
4260110
4260220
4260230
4260240
4260250
4260260
4260261
4260262
4260270
4310105H
4310105I
4310109
4310122
4310123
4310124
4310125
4310126
4310127
4310128
4310130
4310131
4310132
4310135
4310137
4310138
4310139
4310141
4310142
4310144
4310145
4310148
4310155
4310156
4310157
4310158
4320109A
4320109E
4320109F
4320109G
4320109H
4320109I
4320109J
4320109K
4320109L
4320109M
4320110
4320111
4320112
4320113
4320114
4320116
4320118
4320120
4320122
4320123253
4320124
4320126
4320128
4320129
4320130
4320134
4320136
43301069
4330111
4330114
4330117
4330118
4330121
4330122
4330124
4330125
4330126
4330128
4330131
4330136
4330141
4330143
4330145
4330151
4330154
4330158
4330162
4340101
4340102
4340103
4340104
4340105
43401056
43401057
43401058
43401059
4340105A
4340105B
4340105C
4340105D
4340105E
4340105G
4340105H
4340105I
4340106
4340107
4340109
4340110
4340113
4340114
4340115
4340116
4340117
4340118
4340119
4340120
4340121
4340122
4340123
4340124
4340221
4340222
4340223
4340225
4340226
4340227
4340228
4340229
4340230
4340231
4340232
4340233
4340234
4340235
4340236
4340237
4340238
4340239
4340240
4340241
4340243
4340244
4340245
4340246
4340250
4340252
4340253
4340254
4340256
4340257
4340258
4340259
4340260
4340261
4340263
4340264
4340265
4340266
4350122
43501227
4350122A
4350122B
4350122C
4350122D
4350122E
4350122G
4350122H
4350122K
4350122M
4350122N
4350122O
4350122Q
4350122U
4350123
4350123557
4350124
4350125
4350126
4350127
4350133
4350134
4350135
4350136
4350137
4350141
4350142
4350143
4350145
4350147
4350149
4350150
4350151
4350152
4350153
4350154
4350155
4350156
4350157
4350160
4350162
4350164
4350167
4350168
4350169
4350171
4350173
4350176
4350186
43601327
43601357
43601397
43601407
43601415
43601425
43601455
43601465
43601475
43601495
43601515
43601517
43601535
43601547
43601565
43601577
43601587
43601595
43601597
43601615
43601617
43601635
43601637
43601647
43601655
43601657
43601667
43601675
43601685
43601695
43601725
43601735
43601737
43601745
43601755
43601765
43601775
43601785
43601795
43601805
43601825
43601875
43602030
4360221
4360222
4360223
4360224
4360225
4360226
4360227
4360228
4360229
4360231
4360232
4360233
4360234
4360235
4360236
4360239
4360240
4360241
4360242
4360243
4360245
4360246
4360248
4360293
4360408I
4360408J
4360408K
4360408L
4360408N
4360408P
4360408R
4360408T
4360408U
4360423671
4360423691
4360468
4360469
4360471
4360472
4360473
4360474
4360475
4360477
4360478
4360479
4360481
4360482
4360483
4360484
4360485
4360486
4360487
4360488
4360489
4370111
4370112
4370114
4370115
4370116
4370117
4370119
4370120
4370121
4370122
4370123
4370124
4370125
4370126
4370128
4370131
4370135
4370136
4370137
4370138
4370144
4370145
4370146
4370147
4370148
4370150
4370151
4370155
43702211
43702231
4370223760
43702311
43702312
43702313
43702324
43702342
43702351
43702361
43702371
43702411
43702412
43702413
43702415
43702421
43702423
43702431
43702511
43702512
43702513
43702514
43702521
43702531
43702532
43702541
43702551
43702611
43702612
43702614
43702631
43702651
43702661
43702671
43702711
43702712
43702721
43702742
43702761
43702793
43702794
4380104
4380107
4380110
4380112
4380115
4380120
4380121
4380125
4380130
4380131
4380135
4380136
4380140
4380150
4390101
4390102
4390103
4390104
4390105
4390106
4390111
4390112
4410118
4410137
4410144
4410154
4410164
4410174
4410184
4420101
4420102
4420103
44201039
4420103B
4420103C
4420103D
4420103F
4420103G
4420103I
4420104
4420106
4420108
4420109
4420116
4420129
4420135
4430101
4430102
4430104
4430110
4430120
4430130
4430132
4430140
4430150
4430160
4430170
4440122
4440129
4440130
4440132
4440133
4440134
4440135
4440136
4440137
4440138
4440139
4440140
4440143
4440144
4440150
4440153
4440155
4440160
4450101
4450104
4450105
4450106
4450108
4450109
4450109B
4450109C
4450109F
4450109H
4450109I
4450109K
4450109M
4450109P
4450109Q
4450110
4450112
4450113
4450114
4450115
4450116
4450117
4450118
4450119
4450120
4450121
4450122
4450123
4450124
4450125
4450126
4450127
4460101
4460102
4460103
4460104
4460105
4460106
4460107
4460108
4460109
4460111
4460112
4460113
4460114
4460116
4460117
4460118
4460119
4460207E
4460210
4460212
4460213
4460214
4460215
4460220
4460221
4460222
4460223
4460224655
4460230
4460231
4460232
4460240
4460242
4460243
4460244
4460245
44701026
4470105A
4470105C
4470105D
4470105E
4470105F
4470105H
4470105I
4470105J
4470105L
4470111
4470113
4470115
4470117
4470118
4470120
4470121
4470122
4470124
4470125
4470130
4470131
4470132
4470133
4470134
4470135
4470154
44702023
44702024
44702025
44702026
44702027
44702028
44702029
44702030
44702031
44702032
44702033
44702034
44702035
44702036
44702037
44702038
44702040
44702041
44702042
44702043
44702044
44702045
44702046
44702047
44702048
44702049
44702050
44702073
44702076
44702077
4470224762
44703064
44703066
44703069
44703080
44703081
44703082
44703083
44703084
44703085
44703086
44703087
44703088
44703089
44703090
44703091
44703092
44703093
44703094
44703095
44703096
44703097
4470324763
4480130
4480132
4480134
4480136
4480138
4480140
4480144
4480146
4480148
4480150
4480151
4480154
4480158
4480160
4480162
4480166
4480168
4510151
4510152
4510153
4510154
4510155
4510156
4510157
4510158
4510159
4510161
4510162
4520111
4520112
4520113
4520114
4520121
4520122
4520123
4520201
4520202
4520203
4520204
45202053
4520206
4520207
4520208
4520209
4520212
4520213
4520225254
4530101
4530102
45301027
45301029
4530102A
4530102B
4530102C
4530102D
4530102E
4530102F
4530102G
4530102H
4530102I
4530102K
4530104
4530109
4530113
4530114
4530115
4530116
4530117
4530118
4530119
4530123
4530124
4530126
4530201
4530202
4530205
4530206
4530207
4530208
4530209
4530210
4530211
4530212
4530213
4530214
4530216
4530219
4530220
4530222
4530223
4540107D
4540121
4540123
4540125
4540125457
4540126
4540127
4540129
4540131
4540132
4540133
4540134
4540137
4540141
4540142
4540143
4540145
4540151
4540152
4540153
4540154
4540206C
4540206F
4540231
4540232
4540233
4540234
4540235
4540236
4540237
4540238
4540240
4540248
4540251
4540252
4540253
4540254
4540256
4540261
4550101
4550103
4550104
4550105
4550107
4550108
4550109
4550110
4550113
4550121
45501405
4560105
4560107
4560108
4560109
4560110
4560111
4560151
4560152
4620101B
4620101C
4620101D
4620111
4620112
4620113
4620114
4620115
4620116
4620117
4620118
4630110
4630113
4630114
4630115
4630116
4630120
4630130
4630140
4630142
4630146
4630150
4640101
4640102
4640103
4640104
4640105
4640106
4640107
4640108
4640109
4640110
4640112
4640113
4640114
4640115
4640116
4640117
4640122
46501065
46501067
46501069
4650106B
4650106C
4650106D
4650106E
4650111
4650112
4650114
4650115
4650116
4650117
4650118
4650119
4650120
4650121
4650122
4650123
4650124
4650125
4650126
4650126553
4650127
4650128
4650129
4650130
4650131
4650133
4710100G
4710101
4710102
4710103
4710104
4710105
4710107
4710108
4720101
4720102
4720104
4720105
4720106
4720108
4720109
4720110
4720111
4730121
4730123
4730125
4730126
4730127351
4730131
4730132
4730133
4730134
4730141
4730142
4730143
4730152
47401035
4740110
4740120
4740130
4740140
4740145
4740150
4740160
4810121
4810122
4810123
4810124
4810125
4810126
4810127
4810128
4810131
4810132
4810133
4810134
4810141
4810142
4810143
4810144
4810145
4810147
4810201
4810202
4810203
4810204
4810206
4810207
4810208
4810209
4810210
4810211
4810212
4810213
4810214
4810228156
4810272
4810273
4810274
4810276
4810277
4820121
4820141
4820161
4820162
4820164
4820165
4820167
4820180
4830104
4830108
4830111
4830133
4830144
4830155
4830166
4830177
4840102
4840103
4840104
4840105
4840106
4840107
4840108
4840109
4840110
4840111
4840112
4840113
4840114
4840115
4840116
4840120
4840127
4840129
4850101
4850102
4850103
4850110
4850111
4850112
4850113
4850114
4850116
4850118
4860110
4860111
4860115
4860120
4860125
4860130
4860140
4860143
4860145
4860150
4860155
4860160
4860170
4860175
4870111
4870112
4870113
4870114
4870115
4870116
4870117
4870119
4870121
4870122
4870123
4870124
4870126
4870130
4910121
4910132
4910143
4910160
4910162
5110101
5110102
5110103
5110104
5110105
5110120
5110130
5110131
51201041
51201042
51201043
51201044
51201301
51201311
51201321
51201337
51201347
51201357
51201367
51201377
51201407
51201425
51201431
51201501
51201511
51201521
51201537
51201551
51201591
51201597
51301272
51301274
51301917
51301927
5140101
5140102
5140103
5210151
5210153
5210155
5210161
5210163
5210171
5210181
5210183
5210191
52201088
5220110
5220115
5220117
5220120
5220125
5220130
5220141
5220151
5220161
5230151
5230154
5230155
5230156
5230158
5230161
5230163
5230165
5230166
5230167
5260101
5260102
5260111
5260113
5260114
5260120
5260121
5260130
5260132
5260140
5260145
5260150
5310101
53101015
5310103
5310104
5310105
5310106
5310107
5310108
5310109
5310111
5310112
5310202
5310203
53102033
53102034
5310204
5310205
5310206
5310207
5310208
5310209
5310210
5310211
5330110
5330111
5330113
5330116
5330130
5330131
5330132
5330133
5330140
5330150
5330151
5330152
5330153
5370207M
5370210
5370213
5370217
5370220
5370225
5370227
5370230
5370232
5370236
5370237
5370240
5370242
5370243
5370245
5370252
5370255
5380201
5380202
5380203
5380204
5380205
5380206
5380208
5380210
5390101
5390102
5390103
5390106
5390107
5390108
5410100A
5410100B
5410101
5410102
5410104
5410107
54402020
54402021
54402022
54402023
54402024
54402025
54402026
54402048
5460111
5460112
5460113
5460114
5460115
5460116
5460117
5460118
5460119
5460121
5460301
5460302
5460303
5460304
5460305
5460306
5460331
5460332
5460333
5460334
5460335
5460336
5460337
5460339
5460341
54701030
54701031
54701032
54701033
54701034
54701035
54701036
54701037
54701038
54701039
54701040
54701041
54701042
54701043
54701045
54701047
54701048
54701050
5470124764
5470201
5470202
5470203
5470204
5470205
5470206
5470207
5470208
5470209
5470211
5470212
5470213
5470214
5470218
5470219
5470220
5470221
5470222
5470223
5470224
5470224765
54703021
54703022
54703023
54703024
54703025
54703026
54703027
54703028
54703040
54703041
54703043
54703044
54703045
54703046
54703047
54703048
54703049
54703050
54703051
5470324766
54801066
5480151
5480153
5480154
5480155
5480157
5480158
5480159
5480160
5480161
5480162
5480164
5480165
5510100A
5510101
5510102
5510103
5510104
5510105
5510106
5510107
5510108
5510109
55201058
5520131
5520133
5520134
5520135
5520136
5520151
5520152
5520154
5520155
5520156
55301099
5530109B
5530125361
5530130
5530136
5530188
5530191
5530192
5530193
5530194
5530195
5530196
5530197
5530251
5530252
5530254
5530255
5530256
5530258
5530272
55303054
55303056
55303058
55303059
5530305A
5530305B
5530305C
5530305E
5530305F
5530305G
5530305K
5530305L
5530305M
5530305N
5530305P
5530330
5530331
5530333
5530341
5530348
5530350
5530352
5540110
5540111
5540112
5540113
5540114
5540115
5540119
5540120
5540121
5540123
5540125458
5540131
5540132
5540133
5540212
5540213
5540214
5540215
5540216
5540217
5540218
5540219
5540223
5540224
5540225
5540226
5540229
5540230
5540231
5540232
5620101
5620102
5620104
5620113
5620114
5630101
5630102
5630103
56301034
5630104
5630105
5630106
5630107
5630108
5640101
5640102
5640103
5640105
5640106
5640107
5640108
56401085
56401086
5640109
5640110
5640111
5640112
5640113
57201031
5720121
5720122
5720125
5720127
5720129
5730110
5730120
5730130
5730140
5730150
5730160
5730170
5740101
5740102
5740103
5810232
5810233
5810234
5810235
5810241
5810243
5810251
5810252
5810253
5810254
5810255
5840105
5840110
5840115
5840125
5840130
5840135
5840140
5840145
58501082
5850110
5850120
5850130
5850140
5850150
5850160
5850170
5860101
5860102
5860105
5860108
5860109
5860111
5860114
5860116
5870110
5870120
5870130
5870140
5870150
5870160
8136123693
z0lz0l
z0tz0t